{"transform": [-0.8061742534844336, 0.17622781108057597, -0.5648246025276921, 0.0, -0.412273990830023, -0.8520321776549241, 0.32260087527112347, 0.0, -0.42439748998303817, 0.4929350127981955, 0.7595405477351026, 0.0, 0.34704474494929166, -0.8094559380357917, 0.6937393699126115, 1.0], "position_delta": 0.0}
{"transform": [-0.9697495047365753, 0.22030806381566195, 0.10512019349754545, 0.0, 0.17722935779677518, 0.9315792225882766, -0.31741125811282334, 0.0, -0.16785604784490188, -0.289179025967681, -0.9424435463953653, 0.0, 0.34704474494929166, -0.8094559380357917, 0.6937393699126115, 1.0], "position_delta": 0.02281259734703637}
{"transform": [-0.7553619289891949, -0.6412041073504084, 0.13522443917683383, 0.0, -0.6413361393273059, 0.6809627470675604, -0.3535218430294619, 0.0, 0.1345968522160501, -0.35376126105492056, -0.9256007009236558, 0.0, 0.3094009777751949, -0.8149379535364536, 0.5998442194698019, 1.0], "position_delta": 0.03463946623808635}
{"transform": [-0.25345368809904556, 0.8537028609899308, -0.45492049099441273, 0.0, -0.9623523368188478, -0.2702527117940662, 0.02900778494225489, 0.0, -0.09817946734574441, 0.4451459276524496, 0.8900594897455707, 0.0, 0.32686366536573974, -0.8921929369230873, 0.4679711129913704, 1.0], "position_delta": 0.04718072592043845}
{"transform": [-0.38483614327601634, -0.6957547819657178, 0.6064869546826855, 0.0, -0.8884569523851021, 0.4572860872996565, -0.03916220270548673, 0.0, -0.2500907567004765, -0.5539085824700745, -0.7941283874028026, 0.0, 0.316059430678993, -0.764645101348154, 0.6338490702559678, 1.0], "position_delta": 0.06355808640273629}
{"transform": [-0.27362934720619675, -0.008454610167972753, 0.9617980556823857, 0.0, 0.6639531021304957, -0.7251573637534809, 0.1825187003169577, 0.0, 0.6959118180623186, 0.6885312755140531, 0.20403780071396097, 0.0, 0.1533991829844571, -0.9315675064817965, 0.4746432262606951, 1.0], "position_delta": 0.08706799578453146}
{"transform": [-0.16388085181767234, -0.6706453446586356, 0.7234486077775069, 0.0, -0.6813165764422741, 0.6073050129777993, 0.40864207306273903, 0.0, -0.7134078700662707, -0.4259289176608407, -0.5564474530697144, 0.0, 0.44985018349617467, -0.7830286737126914, 0.6735381251160562, 1.0], "position_delta": 0.10542146097046699}
{"transform": [0.11080720314975052, -0.9387537124020723, -0.32628703802243947, 0.0, -0.8024473642111731, -0.27820360795519794, 0.5279024343486699, 0.0, -0.5863446012377629, 0.2033327813512557, -0.7841274058641806, 0.0, 0.08895479542333634, -0.924265096591376, 0.4108855889240379, 1.0], "position_delta": 0.10423333596082363}
{"transform": [0.4667107223319916, -0.8704519816055357, 0.1565070266133287, 0.0, -0.704485869803018, -0.2589118801764707, 0.6608057941266635, 0.0, -0.5346781844326889, -0.4186621382719964, -0.7340580720006303, 0.0, 0.37935248710406466, -0.79287615786917, 0.746553756017968, 1.0], "position_delta": 0.09665330430887265}
{"transform": [-0.9750287350212724, 0.0860147319865595, 0.20474479667160891, 0.0, 0.004160118209974925, -0.9147108162234616, 0.4040876341838319, 0.0, 0.22203976963439936, 0.3948488173530318, 0.8915114985997734, 0.0, 0.20017786257879852, -0.9334795239321309, 0.3827357601551047, 1.0], "position_delta": 0.1014481756972989}
{"transform": [0.6284341306731317, -0.5824208017453136, 0.5156127937701409, 0.0, 0.6525397625316919, 0.03393123702920014, -0.7569944051766497, 0.0, 0.4233939084590011, 0.8121789709466828, 0.4013762791095139, 0.0, 0.2659869359071162, -0.7369798613587163, 0.7827687675155169, 1.0], "position_delta": 0.10659658334624116}
{"transform": [-0.41667330628909993, -0.8956802670560543, -0.15537121687270689, 0.0, 0.8621286314275564, -0.4435536280574109, 0.24493754695831058, 0.0, -0.2883011944112584, -0.03189103704024085, 0.957008559552911, 0.0, 0.23486146463235186, -0.7870404920211087, 0.3130685652209184, 1.0], "position_delta": 0.10929845350064932}
{"transform": [0.38750186649932755, -0.6355796736378893, 0.6677430508196169, 0.0, 0.3707132913920062, 0.7706233504495658, 0.5183737139624182, 0.0, -0.8440461830047231, 0.04667044246885229, 0.5342358194233308, 0.0, 0.07586926789759546, -0.8487371497512876, 0.7675046468691796, 1.0], "position_delta": 0.10270897664859993}
{"transform": [0.5983672489696646, 0.7441385373994293, 0.29700921284955845, 0.0, 0.3018347766108079, -0.5527413169066605, 0.7767707539632219, 0.0, 0.7421943161927194, -0.3751464697172655, -0.5553491903927579, 0.0, -0.31202398712185603, -0.8647844277153625, 1.0069352931452233, 1.0], "position_delta": 0.09558517568614883}
{"transform": [-0.3736018100260925, -0.7180503210629676, 0.5872183784305428, 0.0, 0.7094342028834237, 0.1866584002290086, 0.6796041152046595, 0.0, -0.5975991962213362, 0.670494129762009, 0.4396735409713614, 0.0, -0.0031930327493674415, -1.0248277075099392, 0.763632117506907, 1.0], "position_delta": 0.1049128867794482}
{"transform": [0.1623434307967333, -0.8708981457089833, 0.46387609366919974, 0.0, -0.8132176387950677, -0.38434667563011515, -0.4369836437266892, 0.0, 0.5588574795327689, -0.30629079766249684, -0.7706258916215781, 0.0, -0.28433601061669983, -0.7070518746632616, 0.9561082927558335, 1.0], "position_delta": 0.12412289606167905}
{"transform": [-0.9313373650777214, -0.36282754127311156, 0.03109481795723343, 0.0, 0.3328589556291152, -0.8135484732791363, 0.47680582765175794, 0.0, -0.1477011444355776, 0.4544172718096115, 0.8784584879284458, 0.0, 0.008680045662629199, -0.9680927669091951, 0.5690167829595751, 1.0], "position_delta": 0.13376224826849464}
{"transform": [-0.6068017642398607, 0.6765902249484135, -0.4171537922872631, 0.0, -0.7764078403685982, -0.6169380386109546, 0.12875683255282278, 0.0, -0.17024242811226545, 0.4020113481223127, 0.8996690456225123, 0.0, 0.1807757109342815, -1.1626033159197489, 0.034775114595691936, 1.0], "position_delta": 0.11751273898982383}
{"transform": [-0.44930794242722977, -0.22680243420376728, 0.8641082274293294, 0.0, -0.8409179860344039, 0.43393353241302807, -0.323355269342238, 0.0, -0.30162777331613455, -0.8719302410667911, -0.38569202879701137, 0.0, 0.14332331659635836, -0.8014221549699798, 0.40958943646705476, 1.0], "position_delta": 0.08408602278877579}
{"transform": [-0.8318009606677116, 0.5090400032253487, 0.22132653918725465, 0.0, 0.07042546914976976, 0.4922941076431729, -0.8675752214504802, 0.0, -0.5505882446323266, -0.7060628772964511, -0.44534009271179104, 0.0, 0.39859804337156635, -0.5513945621813362, 0.5180409794083312, 1.0], "position_delta": 0.07559285642754575}
{"transform": [-0.391976818471816, 0.9126570231311515, -0.115807305080867, 0.0, -0.14420503631132814, 0.06337166944154606, 0.9875165512611136, 0.0, 0.9086028182232109, 0.40378359258589325, 0.10676951379147058, 0.0, 0.2184294836450054, -0.7843491515694442, 0.356900811600009, 1.0], "position_delta": 0.0986687338338754}
{"transform": [-0.22329496935442805, 0.39245295975948813, -0.8922555861618489, 0.0, -0.7862339971729342, 0.4685563364381128, 0.40285364746166014, 0.0, 0.5761731149146716, 0.7914768688721776, 0.203933586468279, 0.0, -0.05433027850868166, -1.1083287427918245, 0.24447624849893074, 1.0], "position_delta": 0.11768129576988633}
{"transform": [-0.5334757817679695, 0.7452542774039177, 0.399999565347532, 0.0, -0.7978000918216802, -0.28629400533629196, -0.53061356559913, 0.0, -0.28092455171517744, -0.6021891766875769, 0.7472948492556108, 0.0, 0.16372816600626017, -0.6393977853285351, 0.1691343968897734, 1.0], "position_delta": 0.12563321356223375}
{"transform": [-0.47280035196799003, 0.13160552738070005, -0.8712862975749095, 0.0, -0.37268195371072155, 0.866128486386044, 0.33306096506341787, 0.0, 0.7984785460845554, 0.4821840211303796, -0.36045884814945783, 0.0, -0.14969126188041126, -1.0340290150931002, 0.4085383456392775, 1.0], "position_delta": 0.11231220337243084}
{"transform": [-0.9408211835804883, -0.0970701363420357, -0.32470431034519326, 0.0, 0.15395107549478074, -0.9759550343432742, -0.15430760607958943, 0.0, -0.30191814599359645, -0.19516444238270367, 0.9331432224204609, 0.0, 0.1876395526667164, -0.672378595957766, 0.3438414826958007, 1.0], "position_delta": 0.09953595098837252}
{"transform": [0.9757913821266824, -0.16755353059215666, -0.14055957083530035, 0.0, -0.19052524836138474, -0.9668212750540791, -0.17016683531062246, 0.0, -0.1073839294500479, 0.1928274785628398, -0.9753390462844018, 0.0, 0.2391391166552675, -0.7519222644132123, 0.7755942142038702, 1.0], "position_delta": 0.08430087759926025}
{"transform": [0.5307320735058508, 0.2526859144602108, -0.808995237801553, 0.0, -0.7991853184824905, -0.1685950461422792, -0.576956269693227, 0.0, -0.2821813120570225, 0.9527463141097336, 0.11246407460201727, 0.0, 0.17422635280222495, -0.8845583374307916, 0.4315764414361294, 1.0], "position_delta": 0.08972136140705457}
{"transform": [-0.832821038596036, -0.39274641810710553, -0.39007610633805667, 0.0, 0.4940586453085929, -0.2096075707566091, -0.8437835749037519, 0.0, 0.24963007164134, -0.8954411858662439, 0.36860535805491046, 0.0, 0.01247131635985066, -0.5204404294189523, 0.4282965521201279, 1.0], "position_delta": 0.08681487436227665}
{"transform": [0.8915241288287485, 0.14899351624248575, -0.42776823144530723, 0.0, -0.36126609948923094, -0.33581881242764017, -0.8698922522815843, 0.0, -0.27326092489776355, 0.9300680928498639, -0.2455642677317485, 0.0, 0.21391804734535624, -0.8315680953977752, 0.5343952582314409, 1.0], "position_delta": 0.09578320577375954}
{"transform": [0.03648219026078403, -0.47985306993983, -0.876590030209731, 0.0, 0.9991464971700771, 0.0005093352307769964, 0.041303967973914245, 0.0, -0.01937335764764718, -0.8773487173564104, 0.4794620956514856, 0.0, 0.057454191589438486, -0.5478926659531798, 0.25874776435418184, 1.0], "position_delta": 0.09837511091796126}
{"transform": [0.9447460489494894, 0.27165958239694876, -0.1834556466458516, 0.0, -0.1382936999667113, -0.17710337270350068, -0.9744276514583127, 0.0, -0.2972032226336871, 0.9459574338568072, -0.12974890283617457, 0.0, 0.13910568445252486, -0.970947779088737, 0.3309719059847443, 1.0], "position_delta": 0.09349725754417063}
{"transform": [-0.3825589281714686, -0.9174933196545421, -0.10887917553684025, 0.0, 0.17403402143555075, 0.04417626666234008, -0.9837482487134348, 0.0, 0.9073923219089252, -0.39529035638763266, 0.14277502683476748, 0.0, -0.14278821554159832, -0.6838770099315531, 0.2283698265560426, 1.0], "position_delta": 0.07471278861175487}
{"transform": [-0.5126362125291251, -0.858602053772434, 0.0025742691292335797, 0.0, 0.19562196329481057, -0.11971617509010696, -0.9733447924032266, 0.0, 0.83602401943992, -0.4984682042814261, 0.22933226602458312, 0.0, -0.46506264075850484, -0.6053417952540897, 0.22079596191185658, 1.0], "position_delta": 0.056342307614685616}
{"transform": [0.5530654368112554, 0.4106895602585041, -0.7248811679851076, 0.0, -0.4880407140662691, -0.5454521026655633, -0.6813943535951852, 0.0, -0.6752295047007826, 0.7306271886484849, -0.10123747917222249, 0.0, -0.22437305791421785, -0.6737072450119658, 0.22068452062289895, 1.0], "position_delta": 0.05415022864373045}
{"transform": [0.9400872302982187, 0.09650277189589282, -0.3269911534684639, 0.0, 0.022752497326621095, 0.9392077012455751, 0.3425948303556293, 0.0, 0.3401739603432752, -0.32950889052862914, 0.8807414874791368, 0.0, -0.3602245313948503, -0.5445399086898037, 0.07005662158413972, 1.0], "position_delta": 0.07033914199395964}
{"transform": [0.7791547414049104, 0.01802829821445397, 0.6265723177812255, 0.0, 0.6189403631147182, 0.1359838104943601, -0.7735769064487762, 0.0, -0.09914996648344838, 0.9905470123860455, 0.09479398925779502, 0.0, -0.2533090227500527, -0.8271393064933071, 0.14931006382325474, 1.0], "position_delta": 0.09144428441790242}
{"transform": [-0.8045116348479684, -0.5936497353807181, -0.01846675598611416, 0.0, 0.2877269988477251, -0.3623493338077699, -0.886519111143776, 0.0, 0.5195904190112929, -0.7185283237085818, 0.46232331165560037, 0.0, -0.5025345057650417, -0.5190037730599211, 0.06069719280641217, 1.0], "position_delta": 0.09538433404314557}
{"transform": [-0.8100618121807011, 0.5301604196341915, 0.25045915814722874, 0.0, -0.5862222449603254, -0.7235662628743326, -0.36441095310616883, 0.0, -0.011972466754821937, -0.4420201270116181, 0.896925229523865, 0.0, -0.567038170780412, -0.26212585669750077, -0.2698832723386164, 1.0], "position_delta": 0.07721878609901207}
{"transform": [-0.46846671812841495, 0.6664230681495776, 0.5800165758356391, 0.0, -0.8696397432961158, -0.2320796885625796, -0.4357358546603214, 0.0, -0.15577435888444197, -0.708533211920792, 0.6882695959573861, 0.0, -0.42135928272017803, -0.10207203639873141, -0.5358817440148533, 1.0], "position_delta": 0.05710899470838514}
{"transform": [-0.021599081356978998, 0.9745866842045726, 0.2229669810883831, 0.0, 0.9425784294007142, -0.054495695659379555, 0.3295089127521171, 0.0, 0.3332857394384257, 0.21728095665688507, -0.9174473291482484, 0.0, -0.41936176371518236, -0.20436929598351394, -0.30382136452509667, 1.0], "position_delta": 0.04476792794201829}
{"transform": [0.07000969400212051, -0.8220305293043113, -0.5651233950540386, 0.0, 0.8406925647672722, -0.2563275974536355, 0.4770033273769401, 0.0, -0.5369680198026296, -0.5084898933856152, 0.6731295373358152, 0.0, -0.37023634364729013, -0.17169372037858588, -0.49367492237526567, 1.0], "position_delta": 0.04069306179061838}
{"transform": [-0.8673441904615613, -0.4709665621964777, 0.16094891290533553, 0.0, 0.010651312241394397, 0.3057411882629473, 0.9520550799964788, 0.0, -0.49759481992894256, 0.8274737597606258, -0.2601664315154683, 0.0, -0.3973113906393178, -0.3179473589083175, -0.3910381857583807, 1.0], "position_delta": 0.029695371444419045}
{"transform": [-0.031491823858952515, 0.3158310111598192, 0.9482926960700515, 0.0, -0.7185784414230769, -0.6666179415946132, 0.19815535184833918, 0.0, 0.6947325302244165, -0.6751824141177852, 0.24794237055020948, 0.0, -0.4627901458684716, -0.21281934947662695, -0.4363309292331634, 1.0], "position_delta": 0.017912489573009116}
