{"transform": [0.9999677684996104, 0.00019467244925230887, 0.008040293152575373, 0.0, 0.0001493996143171472, -0.999984451050861, 0.005636043047898109, 0.0, 0.008041339133871617, -0.005634672074860347, -0.999951884111443, 0.0, -0.005492970009725262, 0.0024422945279414243, -0.00455368006561141, 1.0], "position_delta": 0.0}
{"transform": [0.999994662811921, -0.0032687974532059627, 0.00039485878465583824, 0.0, -0.0032681292898129044, -0.9999935843690182, -0.001648875316035081, 0.0, 0.0004002764518187263, 0.0016475571568905778, -0.9999986172303412, 0.0, 0.006487718920883623, -0.0029563030627306475, 0.0070415809263701945, 1.0], "position_delta": 0.017525176401064806}
{"transform": [0.9998515082615178, -0.011388783079996578, 0.012939003211680955, 0.0, -0.011419321654749126, -0.9999325067711418, 0.00229210775463784, 0.0, 0.012912182017526419, -0.002439528676677405, -0.9999137801442082, 0.0, 0.028965100617265982, -0.01175255496641725, 0.022809185743540183, 1.0], "position_delta": 0.028830955586612313}
{"transform": [0.9996830058035178, -0.015422743386489302, 0.019908375276225243, 0.0, -0.015451150997627394, -0.9998802024122656, 0.0012747688317467087, 0.0, 0.01988636814292377, -0.001581975569679983, -0.9998012016976805, 0.0, 0.05416664169040519, -0.03250484715765056, 0.046376389534104945, 1.0], "position_delta": 0.04026398057711863}
{"transform": [0.999386832878999, -0.016901179048527837, 0.03066826410307044, 0.0, -0.017097130644780023, -0.9998352925254603, 0.006139303472339819, 0.0, 0.03055951214292918, -0.00665985196291885, -0.9995109089223817, 0.0, 0.07744279599347514, -0.0712159345197636, 0.07655602834179476, 1.0], "position_delta": 0.05432437354138673}
{"transform": [0.9986202466856264, -0.023506585910537225, 0.04696032023540653, 0.0, -0.025508792249045342, -0.9987709246363096, 0.042503189418436005, 0.0, 0.04590355435798266, -0.043642437654086486, -0.9979922124218064, 0.0, 0.09940574230427757, -0.13147482695135748, 0.11673475793041543, 1.0], "position_delta": 0.07568245456497033}
{"transform": [0.9972194555917726, -0.036875550677734736, 0.064758539008265, 0.0, -0.03986014024110851, -0.9981728536890132, 0.045417022960278164, 0.0, 0.06296551588368082, -0.04787197165221002, -0.9968670436180602, 0.0, 0.11249307665484443, -0.21376173514231622, 0.1675853825707101, 1.0], "position_delta": 0.09761248349926319}
{"transform": [0.9950213596884376, -0.07441101110505066, 0.0663009121185052, 0.0, -0.07818600967730838, -0.9953488095522625, 0.05628702023509646, 0.0, 0.06180415885068058, -0.061190646701696494, -0.9962108405940278, 0.0, 0.12565444310494023, -0.30701835771298835, 0.21951366548908346, 1.0], "position_delta": 0.10754795393009682}
{"transform": [0.9911901961216296, -0.09924806863036029, 0.08770394760656508, 0.0, -0.10755071359500512, -0.9895884015498758, 0.09564602108715503, 0.0, 0.07729816495269759, -0.10423605071254727, -0.9915443057344007, 0.0, 0.13837960525377202, -0.3946659877801766, 0.2623078511258251, 1.0], "position_delta": 0.0983634899687562}
{"transform": [0.9859961327839208, -0.10817321454288642, 0.12692644330912017, 0.0, -0.12354507397091297, -0.9850279663827182, 0.12023829270590891, 0.0, 0.11201958042849824, -0.13423562350195972, -0.9845977480090262, 0.0, 0.1525141242124962, -0.48213600932183964, 0.307018404683073, 1.0], "position_delta": 0.09924625895120544}
{"transform": [0.9819468480370275, -0.12002424542045809, 0.1462006037421668, 0.0, -0.13695766180026858, -0.9842422989972317, 0.11184822322060217, 0.0, 0.13047232947959664, -0.12985233419857956, -0.9829116446979498, 0.0, 0.16729925522984002, -0.5691576488204498, 0.3605798428613135, 1.0], "position_delta": 0.10324819856787885}
{"transform": [0.9754704708501465, -0.12579467933956945, 0.18064683935699133, 0.0, -0.15658666283061784, -0.9733096496441211, 0.16777806320061117, 0.0, 0.15471977602968678, -0.19194947391788375, -0.9691322790326176, 0.0, 0.1787465955140748, -0.6581944205936077, 0.4240506877760142, 1.0], "position_delta": 0.10994149955483691}
{"transform": [0.9662446447831146, -0.15117091793818993, 0.20861150909139958, 0.0, -0.19733126577340165, -0.9548566272760322, 0.2220578589924349, 0.0, 0.1656253838703634, -0.2557278436539936, -0.9524556646827289, 0.0, 0.183107903453668, -0.7477149348876042, 0.47990780430056557, 1.0], "position_delta": 0.10560756525260684}
{"transform": [0.9502060613900256, -0.178266099330898, 0.25559703422915536, 0.0, -0.2416958259059605, -0.9393320652954872, 0.24339018966810544, 0.0, 0.19670229020304753, -0.2930476566671927, -0.9356450130048426, 0.0, 0.1906187183246093, -0.8378179283658931, 0.5200625019090799, 1.0], "position_delta": 0.09893107912757589}
{"transform": [0.9352102301215672, -0.20096541725444617, 0.29153883293050153, 0.0, -0.28466447433817876, -0.9163709924401913, 0.2814799151906202, 0.0, 0.21058999657487476, -0.3462336631644196, -0.9142069706166556, 0.0, 0.20528242896604088, -0.9278040170753686, 0.5540887524292191, 1.0], "position_delta": 0.09731548276780563}
{"transform": [0.916817221884481, -0.21388426610351963, 0.3371938183296924, 0.0, -0.3355481528977151, -0.8704288285222591, 0.3602242017127817, 0.0, 0.2164570129013148, -0.4434046175736528, -0.8697924676822577, 0.0, 0.22874805527225028, -1.0300416063440578, 0.5981712786281665, 1.0], "position_delta": 0.11378235936940614}
{"transform": [0.907231270034575, -0.23448737529291294, 0.3492095148289691, 0.0, -0.3654565082545975, -0.8504546527864345, 0.3783768349369625, 0.0, 0.20826225328658765, -0.470896226505376, -0.8572536767904282, 0.0, 0.2516637085787883, -1.1453159879825132, 0.6608605279403257, 1.0], "position_delta": 0.1332037798922455}
{"transform": [0.9104570008517427, -0.23135150265666826, 0.3428478244418278, 0.0, -0.37157446030817276, -0.8215952146647815, 0.4323357007675548, 0.0, 0.18166059885234098, -0.5210165742451998, -0.8339911926847083, 0.0, 0.27208902686118375, -1.2527702373964495, 0.7293487532018972, 1.0], "position_delta": 0.1290513144050872}
{"transform": [0.9226820780335518, -0.23405549070289755, 0.3063918996952615, 0.0, -0.36289108602799125, -0.7956560078843538, 0.48501782641023006, 0.0, 0.13026149116240138, -0.5587041964185286, -0.8190737844928009, 0.0, 0.27816528699592613, -1.3341805624252072, 0.7868695957106411, 1.0], "position_delta": 0.09986594346518733}
{"transform": [0.9349791790130124, -0.25165944173212207, 0.2499632797323179, 0.0, -0.3498653011518291, -0.7703051740312714, 0.5331273170991795, 0.0, 0.05838151834715566, -0.5859164333317084, -0.8082658932807307, 0.0, 0.2342378972343484, -1.3898149655030667, 0.8089028585882119, 1.0], "position_delta": 0.0742311644314455}
{"transform": [0.9153640596124915, -0.29681284487215565, 0.27204945052406704, 0.0, -0.39989695817773807, -0.7487776096130225, 0.5285971363002435, 0.0, 0.04681017279463262, -0.5926506083452763, -0.8040984534367546, 0.0, 0.15292871017396248, -1.413665224375564, 0.7913807999562374, 1.0], "position_delta": 0.08652768612436836}
{"transform": [0.8800511573714672, -0.3561975926050196, 0.3140596459043896, 0.0, -0.47322167217322786, -0.7130124727762486, 0.5173731485342348, 0.0, 0.039641368926670584, -0.603934610986387, -0.7960476075030067, 0.0, 0.05343259333037054, -1.4111948115642017, 0.7458341790056344, 1.0], "position_delta": 0.10945352343824656}
{"transform": [0.8583532738907707, -0.39219491968510667, 0.33077659280710847, 0.0, -0.5106406586872989, -0.7155816194302937, 0.4766439506039868, 0.0, 0.0497603005195808, -0.5780368517638195, -0.8144921121681765, 0.0, -0.052794022598241064, -1.389105483742102, 0.6850006063977796, 1.0], "position_delta": 0.12438952662600039}
{"transform": [0.8598887968064213, -0.40618184154290393, 0.3092052761100006, 0.0, -0.5086886116764902, -0.7325194676243281, 0.45238431293366155, 0.0, 0.04274864035912174, -0.5462894120813715, -0.8365050083694641, 0.0, -0.1444313382939102, -1.3555952303314815, 0.6134751269981162, 1.0], "position_delta": 0.12098027665536647}
{"transform": [0.8779708958235724, -0.4004014749111491, 0.2623851899659333, 0.0, -0.4786870593767052, -0.7284656938972065, 0.4900988202724399, 0.0, -0.005097543755839595, -0.5558929213368211, -0.8312384798778716, 0.0, -0.20811691520035414, -1.311357409315049, 0.542315033772768, 1.0], "position_delta": 0.10524540343564283}
{"transform": [0.8939523414091235, -0.3940308798179839, 0.2135161228728083, 0.0, -0.44656785761067397, -0.7430275534644546, 0.4984854745210745, 0.0, -0.037770282740376526, -0.5409715971188849, -0.8401924540479575, 0.0, -0.24850097048015574, -1.2607318826827267, 0.4784452539265267, 1.0], "position_delta": 0.0909569309608227}
{"transform": [0.9061777165770843, -0.4047050005588009, 0.12270322084603968, 0.0, -0.4145049544911963, -0.7924689597060783, 0.4474137494911412, 0.0, -0.08383208361240513, -0.45629748838061346, -0.8858695707478859, 0.0, -0.2714100060720659, -1.195759990638098, 0.42069920368363434, 1.0], "position_delta": 0.0898931319652829}
{"transform": [0.9229776569756778, -0.3744828327186651, 0.08874284514241815, 0.0, -0.3769729471169825, -0.8332873772042064, 0.4043813233923004, 0.0, -0.07748543566941102, -0.40668857239240097, -0.9102751185367914, 0.0, -0.27078860551780704, -1.128408770878575, 0.37130403794398426, 1.0], "position_delta": 0.08352516720014062}
{"transform": [0.9398300699899327, -0.33812467339905616, 0.04890192472299759, 0.0, -0.3310140790422125, -0.8657900916223081, 0.37528352185042424, 0.0, -0.08455366241504336, -0.3688899502959675, -0.925619300158246, 0.0, -0.2653666093267111, -1.0492187776515918, 0.326410209114373, 1.0], "position_delta": 0.09119159250876477}
{"transform": [0.9511000572589356, -0.30666115161609486, 0.03698302902566297, 0.0, -0.3000114231932063, -0.8886475462167095, 0.3468415338842843, 0.0, -0.07349784267755499, -0.3409762834829566, -0.9371943261581368, 0.0, -0.26104828954294934, -0.9578208803598698, 0.2895060460019412, 1.0], "position_delta": 0.09866173343373918}
{"transform": [0.965410564337962, -0.2590163094792084, 0.029887653299415895, 0.0, -0.2541788682560089, -0.9093888015752759, 0.32925026188818274, 0.0, -0.058101655498346894, -0.3254583859898661, -0.9437696829869839, 0.0, -0.25713409357961936, -0.8645419766251381, 0.26232617584503704, 1.0], "position_delta": 0.09723691136400309}
{"transform": [0.9713185620633311, -0.23614534878222493, 0.02785408352518104, 0.0, -0.23169045271244393, -0.913572035998537, 0.33422486689013065, 0.0, -0.053478821763409456, -0.33109232823690604, -0.9420817689366068, 0.0, -0.2517329283565122, -0.7817570796031355, 0.24362086302970898, 1.0], "position_delta": 0.0850435063233048}
{"transform": [0.9721112875768521, -0.2334478605597372, 0.022406240864407678, 0.0, -0.22773760392658637, -0.9168650440932309, 0.3278637899112624, 0.0, -0.05599560827666039, -0.3238227890787133, -0.9444593279739877, 0.0, -0.2376831401701862, -0.7196120951748446, 0.23526252022727956, 1.0], "position_delta": 0.06425928825230649}
{"transform": [0.9728570778774479, -0.23088061365713664, 0.015604231777309963, 0.0, -0.22531432162366727, -0.9297137707261421, 0.2913180439865255, 0.0, -0.052752147420866535, -0.2869266425261374, -0.9564991033235088, 0.0, -0.21634486886915516, -0.671164590172638, 0.23015159707270083, 1.0], "position_delta": 0.05318461461180074}
{"transform": [0.9771830165653688, -0.2093947969850758, 0.03560087949471047, 0.0, -0.21024551432227234, -0.929778163787548, 0.30217530509513946, 0.0, -0.03017303971730456, -0.30276544969597285, -0.952587375433847, 0.0, -0.19041964603045258, -0.6193549938379457, 0.21758556376993354, 1.0], "position_delta": 0.05928115748485059}
{"transform": [0.9854880180965315, -0.16630252114299093, 0.034013445872526304, 0.0, -0.16922871593826283, -0.9469427278282532, 0.273242449740976, 0.0, -0.013232018115753696, -0.27503323509589617, -0.9613436763252583, 0.0, -0.1575367793224547, -0.5468275965479505, 0.19862306777040906, 1.0], "position_delta": 0.0818601280486799}
{"transform": [0.9946073964137643, -0.10097014200513765, 0.023691452183051354, 0.0, -0.10370136653805839, -0.9648816782898734, 0.24135015745436017, 0.0, -0.0015096277950430448, -0.24250549478675154, -0.9701489290337371, 0.0, -0.1164359449349941, -0.46197006259008677, 0.1768379921236244, 1.0], "position_delta": 0.09677120680905986}
{"transform": [0.9996829045944935, -0.023191020244569316, -0.00981463347639, 0.0, -0.020804820093110354, -0.980187217605282, 0.19697884389867049, 0.0, -0.014188227578797452, -0.1967121949407833, -0.9803585657176974, 0.0, -0.07117743501119689, -0.38981748079604506, 0.15542196580955037, 1.0], "position_delta": 0.08782352723519361}
{"transform": [0.9990995916416603, 0.041372784902947046, -0.0094131015776302, 0.0, 0.04210407803631977, -0.9941663411873707, 0.09930359678012013, 0.0, -0.005249677179463674, -0.09961046970727594, -0.995012815903646, 0.0, -0.024105077512481143, -0.35047210454229427, 0.13324586898414592, 1.0], "position_delta": 0.06523529700727528}
{"transform": [0.9949491323937378, 0.09034837143915375, 0.04374481589541901, 0.0, 0.08947242074334527, -0.995755577648687, 0.02158878818027843, 0.0, 0.045509702024851606, -0.017565826334281276, -0.9988095590445205, 0.0, 0.020715974837552942, -0.33819887818860295, 0.11193748130811576, 1.0], "position_delta": 0.05112343805211244}
{"transform": [0.9913717231365791, 0.12847501473042033, 0.026005922270313064, 0.0, 0.12863276066137175, -0.9916823948233021, -0.0044777864396663425, 0.0, 0.025214432741137216, 0.007784361920757377, -0.9996517789884489, 0.0, 0.062144117997323334, -0.3389555635274224, 0.10465002162661469, 1.0], "position_delta": 0.04207101724142789}
{"transform": [0.9895803174756477, 0.14317256093758157, -0.015254057382797725, 0.0, 0.14272914981309537, -0.9893934882453574, -0.02701197665338939, 0.0, -0.01895955078481215, 0.02455331166144248, -0.9995188776473967, 0.0, 0.09763308552224648, -0.34185506388994913, 0.10791799617467335, 1.0], "position_delta": 0.0357568655421996}
{"transform": [0.9889962648495434, 0.14456176401855725, -0.03143912367439761, 0.0, 0.1431191752123464, -0.9887219351322464, -0.04411818747969454, 0.0, -0.03746228550487096, 0.03913318548744904, -0.9985315798940171, 0.0, 0.12058816324217458, -0.3440461396767833, 0.11451300600643943, 1.0], "position_delta": 0.023983963404477896}
