{"transform": [1.0, 0.0, 0.0, 0.0, 0.0, 1.0, 0.0, 0.0, 0.0, 0.0, 1.0, 0.0, 0.0, 0.0, 0.0, 1.0], "position_delta": 0.0}
{"transform": [0.7612370193876562, 0.20057410972892625, 0.6166751388050643, 0.0, 0.24600480548636514, -0.9691996779991936, 0.011559404996579387, 0.0, 0.5999998633261616, 0.14290560056452623, -0.787132868921048, 0.0, 0.0, 0.0, 0.0, 1.0], "position_delta": 0.02281259734703637}
{"transform": [0.41957725280910296, 0.8367110921718844, 0.35195095846111524, 0.018558319839848413, 0.9013661313289824, -0.42984241865062983, -0.05267440005923052, -0.0022743718380967915, 0.10721019642827542, 0.3393376539158426, -0.9345351413492712, -0.013070217870486005, 0.0, 0.0, 0.0, 1.0], "position_delta": 0.03463946623808635}
{"transform": [0.6117243098092271, 0.7118133222856584, -0.34513064628496387, 0.029095086884872095, -0.7696476928098746, 0.6363747818439986, -0.051667842856451186, 0.0013469526914382515, 0.18285458085828843, 0.2972354811418976, 0.9371314054120073, -0.04586892470704002, 0.0, 0.0, 0.0, 1.0], "position_delta": 0.04718072592043845}
{"transform": [-0.15492510487216946, 0.8189574221217696, 0.5525458828296625, 0.015020377028819521, 0.9471166170172669, -0.035968528203075764, 0.31886733722454497, -0.010071494127675319, 0.28101303466229866, 0.5727259429522715, -0.7700757551171942, -0.0023081337008318825, 0.0, 0.0, 0.0, 1.0], "position_delta": 0.06355808640273629}
{"transform": [-0.32414420724076354, -0.7661458437223597, -0.5549334005619131, 0.058173681419573284, 0.430290757490756, 0.4030075051176674, -0.8077343714593703, 0.025489744300516985, 0.8424846567922099, -0.500605130782521, 0.19903292718524462, -0.03252106121191396, 0.0, 0.0, 0.0, 1.0], "position_delta": 0.08706799578453146}
{"transform": [-0.39469141006320746, 0.4254728190015049, 0.8143657477529543, -0.015044634657808142, 0.8723603803258284, -0.10472601827707564, 0.4775142175198608, -0.016081836248148112, 0.28845460242487264, 0.8988911732722384, -0.3298311703783711, -0.010346351035370474, 0.0, 0.0, 0.0, 1.0], "position_delta": 0.10542146097046699}
{"transform": [-0.07046947959936777, 0.2997129092844416, 0.9514232625142444, 0.07827144878395106, 0.6489049579486594, 0.7381683905705342, -0.18447163118527238, 0.02543988662242726, -0.7575991077044919, 0.6043836523027099, -0.24650353513609904, -0.03645649339609802, 0.0, 0.0, 0.0, 1.0], "position_delta": 0.10423333596082363}
{"transform": [-0.6180470346379318, 0.14907152625693507, 0.7718779327294475, -0.011924320677851138, 0.5997297091439762, 0.72421898168403, 0.3403397457521344, -0.002343709768938336, -0.5082736850805275, 0.6732640987220203, -0.5370040171420376, 0.0077858310034748385, 0.0, 0.0, 0.0, 1.0], "position_delta": 0.09665330430887265}
{"transform": [0.6855563521206646, -0.39278990247135975, -0.6129670305844724, 0.06129531895559634, 0.3947425189697245, 0.9080069646085791, -0.14036272988136964, 0.01483740781377163, 0.611711395826859, -0.1457375886271366, 0.7775408178846321, -0.052922939403944116, 0.0, 0.0, 0.0, 1.0], "position_delta": 0.1014481756972989}
{"transform": [-0.9004969504783342, -0.09251206427939607, -0.4249079431382579, 0.006267428825554762, 0.403491355567415, -0.542142735536061, -0.7370725746409545, 8.715318306967527e-05, -0.16217264924021185, -0.8351782877136112, 0.5255256982966379, 0.031018073506763263, 0.0, 0.0, 0.0, 1.0], "position_delta": 0.10659658334624116}
{"transform": [0.2658250045675218, -0.9115391434229075, -0.3137410667325966, 0.06967095191333225, 0.8848090847233859, 0.10150581916854666, 0.4547630726717879, -0.021539139927220584, -0.38268779773810496, -0.39848834196592503, 0.8335209000256708, -0.05189831985098954, 0.0, 0.0, 0.0, 1.0], "position_delta": 0.10929845350064932}
{"transform": [-0.8015585458712507, -0.45584447167702735, 0.38692339704682704, 0.03828678894243117, 0.5971918850977547, -0.642203525689373, 0.4805585125305017, 0.03806980428549592, 0.029423628500817475, 0.6162632953808216, 0.7869903435571578, 0.034171187072744774, 0.0, 0.0, 0.0, 1.0], "position_delta": 0.10270897664859993}
{"transform": [-0.5190084752558649, -0.7794790504445271, -0.3507743042622692, 0.07761333477835351, -0.7849058001832355, 0.5971016851127519, -0.1655066840771867, 0.09455196582855926, 0.3384569211159622, 0.18942541422314021, -0.9217184629783068, 0.11040977378735423, 0.0, 0.0, 0.0, 1.0], "position_delta": 0.09558517568614883}
{"transform": [-0.15702766322240083, -0.9228903118603633, 0.3515903657058755, 0.04614403346345585, 0.955265450778857, -0.2322793508758907, -0.1830688987920682, 0.07891307222007757, 0.25061969501852444, 0.3071152477995115, 0.9180795134615871, 0.021518638726501935, 0.0, 0.0, 0.0, 1.0], "position_delta": 0.1049128867794482}
{"transform": [-0.5463621982518893, 0.8346816624126254, -0.06924500526000119, 0.0853108440104157, 0.8247501033394864, 0.5217729104255728, -0.21803737520785232, 0.05802669470007336, -0.14586163087962742, -0.17623720486356556, -0.973480781658792, 0.11657879861521499, 0.0, 0.0, 0.0, 1.0], "position_delta": 0.12412289606167905}
{"transform": [0.6693167834420177, -0.6810238488101283, -0.2970211452988985, 0.07099260745371785, 0.7031381279032201, 0.7097583646299616, -0.04289332030227125, 0.05278818028222229, 0.24002461642836265, -0.1801376728772704, 0.9539070197449953, -0.006604152296584398, 0.0, 0.0, 0.0, 1.0], "position_delta": 0.13376224826849464}
{"transform": [0.8440406985618532, 0.44447334422249024, -0.30006456879627397, 0.09998123003897039, -0.460882236271505, 0.8872808862550078, 0.01789394243594991, 0.03532141697261268, 0.2741949369711133, 0.12319121381900769, 0.9537510479035954, -0.13601400896113022, 0.0, 0.0, 0.0, 1.0], "position_delta": 0.11751273898982383}
{"transform": [-0.16581798755525715, 0.9370365976859932, 0.3073545340485179, 0.07344133320667416, 0.6572430209458537, -0.1273514114295528, 0.7428413218345251, -0.0032702858654066885, 0.7352115385527453, 0.3251830755189397, -0.5947436094443972, -0.028238510015017565, 0.0, 0.0, 0.0, 1.0], "position_delta": 0.08408602278877579}
{"transform": [0.6352728495095086, 0.5200085425983572, 0.5709811925981462, 0.023228494708733637, -0.019388425568302427, -0.7283655356078156, 0.684914400120715, -0.0670609858217072, 0.7720443611801395, -0.44617794898837715, -0.4526287023670458, -0.0063324223337478044, 0.0, 0.0, 0.0, 1.0], "position_delta": 0.07559285642754575}
{"transform": [0.5422479835305409, -0.4303514054683896, -0.7216403482126283, 0.06718582457543297, -0.6533708415881417, 0.32403098808350744, -0.6841859850391747, -0.017345915448288562, 0.5282742353356451, 0.8424972323829979, -0.10547391007983253, -0.042532489621416446, 0.0, 0.0, 0.0, 1.0], "position_delta": 0.0986687338338754}
{"transform": [0.7531436880836226, 0.48887261196903165, -0.4402024015908762, 0.11814347742102926, -0.5301662748443408, 0.05487969132864392, -0.8461157961516522, 0.061967855769827634, -0.389484667371484, 0.8706272386884345, 0.30051606468918796, -0.07165571657187854, 0.0, 0.0, 0.0, 1.0], "position_delta": 0.11768129576988633}
{"transform": [0.33547937461547683, 0.8924165238535797, -0.3017388559014258, 0.10674950419800523, -0.28600222543327686, 0.4016675318631024, 0.8699804140865549, -0.05371802604516089, 0.897583598476943, -0.2055625009579723, 0.38998428422833364, -0.05332973782691318, 0.0, 0.0, 0.0, 1.0], "position_delta": 0.12563321356223375}
{"transform": [0.8964759615269499, 0.2649614958807717, -0.35514258559760764, 0.11753660475448598, -0.19828657832332233, -0.4768765051697113, -0.8563125782527944, 0.06848357786749668, -0.39624901673210583, 0.8380836500718418, -0.3749700150960053, -0.026235258449516977, 0.0, 0.0, 0.0, 1.0], "position_delta": 0.11231220337243084}
{"transform": [0.9247603407162431, -0.20894508050461053, -0.31805701622711996, 0.07887953650800306, 0.3658330889432521, 0.718295300135711, 0.5917922041030823, -0.036918880104868435, 0.10480679020280963, -0.6636217410060233, 0.7406900307088797, -0.029394998049674968, 0.0, 0.0, 0.0, 1.0], "position_delta": 0.09953595098837252}
{"transform": [-0.736793977249088, 0.07933016797648106, 0.671447212771259, 0.011460771992605201, -0.3048770483619058, 0.847415470869942, -0.43466884534367434, 0.004925259969082184, -0.6034771084901263, -0.5249702317075629, -0.600184667705954, 0.030698126946855617, 0.0, 0.0, 0.0, 1.0], "position_delta": 0.08430087759926025}
{"transform": [0.07360816607544995, 0.9404505872879949, 0.3318652298097444, 0.06173583646865888, -0.6950861317709605, 0.28700512737377976, -0.6591534922010498, 0.011408542967870229, -0.7151483114058899, -0.18215583913458813, 0.6748200819199738, -0.0366592994996153, 0.0, 0.0, 0.0, 1.0], "position_delta": 0.08972136140705457}
{"transform": [0.8225106192214802, 0.04135367937486727, -0.5672443516422688, 0.10596628705864593, 0.552144145788151, -0.29730045424408374, 0.7789411288269031, -0.043672830759550064, -0.1364299217172307, -0.9538879981991736, -0.2673659726887588, 0.0186546426998178, 0.0, 0.0, 0.0, 1.0], "position_delta": 0.08681487436227665}
{"transform": [-0.450852976489195, 0.7233993594680267, 0.5229005262113265, 0.04355603858068217, -0.6324978864914729, 0.15444104866062566, -0.7590088181783016, 0.005026097050979637, -0.6298237985140426, -0.6729348625311782, 0.3879183594720537, -0.016985190711149303, 0.0, 0.0, 0.0, 1.0], "position_delta": 0.09578320577375954}
{"transform": [0.3811451567381934, -0.8287259197385298, -0.40980692947843717, 0.11827537817617997, 0.11102088696260036, -0.3990313875974253, 0.9101913614016054, -0.054898408342772265, -0.9178250008324333, -0.3924121578972839, -0.06008299411100791, -0.017689784228866315, 0.0, 0.0, 0.0, 1.0], "position_delta": 0.09837511091796126}
{"transform": [-0.6101357044811409, 0.6306589915526721, 0.479586966556711, 0.07747883281839746, -0.6801398816731825, -0.1064385453423158, -0.7253141232755627, 0.02393546555067573, -0.40637933445845104, -0.7687262662607407, 0.4938782887371438, -0.06009880051011795, 0.0, 0.0, 0.0, 1.0], "position_delta": 0.09349725754417063}
{"transform": [0.20821895597480577, 0.42312855303079605, -0.8818203297627157, 0.15309360309053693, 0.9043284098470284, -0.42674734732379915, 0.008765197980786774, -0.012425526272049355, -0.3726056810037961, -0.7992802569575752, -0.47150405864799655, -0.018843231690378666, 0.0, 0.0, 0.0, 1.0], "position_delta": 0.07471278861175487}
{"transform": [0.26051054488143266, 0.37096637578012975, -0.8913575063049242, 0.21567716400577158, 0.9437336162723606, -0.29264969610888447, 0.15402278040883136, 0.0018750653859265463, -0.20371823070866424, -0.8813286012651211, -0.426331771123147, 0.019377073953947714, 0.0, 0.0, 0.0, 1.0], "position_delta": 0.056342307614685616}
{"transform": [0.03593852417564241, 0.6821903231643484, 0.7302908909886507, 0.16928506068087218, -0.8117825144510717, 0.4461308208416232, -0.3767976113600933, -0.007360999942350788, -0.5828529589112279, -0.5792958257022911, 0.5698234591628619, -0.011232131747793677, 0.0, 0.0, 0.0, 1.0], "position_delta": 0.05415022864373045}
{"transform": [-0.5561750005535968, -0.046333949090328196, -0.8297725796390842, 0.2182303596884619, -0.5752846133664233, -0.6990940537006495, 0.4246352760949505, -0.03047329448647726, -0.5997641056140772, 0.713526922576917, 0.362163427715808, -0.009674310149710225, 0.0, 0.0, 0.0, 1.0], "position_delta": 0.07033914199395964}
{"transform": [-0.9788608648147544, -0.03807438721004336, 0.20095210467344943, 0.1775271923121225, -0.13445314676333012, -0.6205921828783151, -0.7725203517550603, 0.019577939423473717, 0.1541225442936493, -0.7832085824280216, 0.6023541796580687, -0.03770502626741706, 0.0, 0.0, 0.0, 1.0], "position_delta": 0.09144428441790242}
{"transform": [0.5543894513382274, 0.2049136761381566, -0.8066366725958127, 0.24626820092085472, 0.831530507524121, -0.09588090732801231, 0.5471415417116765, -0.022841118217949256, 0.03477572862750496, -0.9740725008650578, -0.22354733672518232, 0.005159346316000589, 0.0, 0.0, 0.0, 1.0], "position_delta": 0.09538433404314557}
{"transform": [0.6050144925347882, 0.5509130537736916, -0.574849781251256, 0.3102169960116846, -0.03694797708266594, 0.7406266306471462, 0.670900172131257, -0.09015193623233683, 0.7953567192224966, -0.3846647906398482, 0.46844496798410895, -0.01670332885240937, 0.0, 0.0, 0.0, 1.0], "position_delta": 0.07721878609901207}
{"transform": [0.16750045341724124, 0.9062966062560752, -0.3880335804975359, 0.32395426684674083, -0.18756339950477827, 0.4157004418881062, 0.8899511861783419, -0.1537070621740842, 0.9678654706472557, -0.0762863297239548, 0.23961808493104286, -0.05835395049408391, 0.0, 0.0, 0.0, 1.0], "position_delta": 0.05710899470838514}
{"transform": [0.06322466488451532, -0.9556008595065625, 0.28780138821860834, 0.29001714132081435, -0.7495451321313367, -0.2358686208503765, -0.6185047199467049, -0.11740813362936597, 0.6589269585078862, -0.17661537591177912, -0.7311786870137106, -0.030209740181031768, 0.0, 0.0, 0.0, 1.0], "position_delta": 0.04476792794201829}
{"transform": [0.11789094337095786, -0.992339967020033, -0.03692039173389429, 0.3065427681057866, 0.4892239841583171, 0.02568537323278451, 0.8717798775643704, -0.14202942610383018, -0.864153700909374, -0.12083729331862397, 0.48850458518632833, -0.0637487173340764, 0.0, 0.0, 0.0, 1.0], "position_delta": 0.04069306179061838}
{"transform": [0.5253252431523596, -0.4924508454735633, 0.6939204231749383, 0.2925999848461464, 0.8107843765929376, 0.042241212673364115, -0.5838187857757563, -0.10399978271771115, 0.2581900144849018, 0.8693145833035706, 0.4214618270686344, -0.05984099462201182, 0.0, 0.0, 0.0, 1.0], "position_delta": 0.029695371444419045}
{"transform": [-0.454572939779266, 0.34989980006352533, -0.8191053487408926, 0.314419035160092, 0.04980512945680127, 0.9281562281565418, 0.3688434155763204, -0.12138111016326779, 0.8893159683151042, 0.12687058780395954, -0.4393415100466288, -0.04966093642719463, 0.0, 0.0, 0.0, 1.0], "position_delta": 0.017912489573009116}
